App,Package,Start Time,Duration,Filename
"System",,"Oct 9, 2018 @ 12:00:09 AM","1 min 5 sec","Trepn_2018.10.09_000007.db"

Time  [ms],"Battery Status",Time  [ms],"Battery Power* [uW] (Raw)","Battery Power* [uW] (Delta)",Time  [ms],"CPU1 Frequency [kHz]",Time  [ms],"CPU2 Frequency [kHz]",Time  [ms],"CPU1 Load [%]",Time  [ms],"CPU2 Load [%]",
54,1,54,1397655,429605,18,2295000,53,2295000,53,0,54,100,
123,1,123,949579,0,122,1836000,122,1836000,122,0,123,100,
225,1,225,1076194,108144,222,2295000,223,2295000,223,0,224,77,
324,1,324,1257889,289839,323,2295000,323,2295000,323,0,324,90,
425,1,425,1257889,289839,423,2295000,423,2295000,423,0,425,90,
527,1,527,835629,0,525,1836000,526,1836000,526,0,527,88,
577,1,577,788150,0,576,1836000,576,1836000,576,0,577,83,
677,1,677,1161719,193669,676,2193000,676,2193000,676,0,677,90,
778,1,778,1257889,289839,776,2295000,777,2295000,777,0,778,90,
878,1,878,559062,0,877,2295000,877,2295000,877,0,878,40,
983,1,983,642921,0,981,2295000,982,2295000,982,0,982,46,
1085,1,1085,419296,0,1084,2295000,1084,2295000,1084,0,1085,30,
1187,1,1187,614968,0,1186,2295000,1187,2295000,1186,0,1187,44,
1289,1,1289,1257889,289839,1286,2295000,1288,2295000,1287,0,1289,90,
1392,1,1392,1257889,289839,1390,2295000,1391,2295000,1390,0,1391,90,
1492,1,1492,642921,0,1491,2295000,1491,2295000,1491,0,1492,46,
1592,1,1592,153742,0,1591,2295000,1591,2295000,1591,0,1592,11,
1693,1,1693,153742,0,1691,2295000,1692,2295000,1692,0,1693,11,
1793,1,1793,559062,0,1791,2295000,1792,2295000,1792,0,1793,40,
1894,1,1894,614968,0,1892,2295000,1893,2295000,1893,0,1893,44,
1995,1,1995,0,0,1993,1122000,1994,1122000,1994,0,1995,0,
2106,1,2105,29418,0,2096,561000,2098,561000,2097,0,2103,20,
2198,1,2198,83721,0,2196,1530000,2197,1530000,2196,0,2198,12,
2298,1,2298,174420,0,2297,1530000,2297,1530000,2297,0,2298,25,
2399,1,2399,0,0,2397,1530000,2398,1530000,2398,0,2399,0,
2517,1,2517,37172,0,2500,535500,2511,535500,2505,0,2516,27,
2600,1,2600,174420,0,2598,1530000,2599,1530000,2599,0,2600,25,
2706,1,2706,56437,0,2700,586500,2703,586500,2702,0,2706,36,
2804,1,2804,88453,0,2800,637500,2801,637500,2800,0,2803,50,
2903,1,2903,293025,0,2900,1530000,2901,1530000,2900,0,2902,42,
3005,1,3005,173964,0,3000,1530000,3001,1224000,3001,0,3004,36,
3104,1,3104,80354,0,3101,841500,3102,841500,3102,0,3104,30,
3203,1,3203,348840,0,3201,1530000,3202,1530000,3202,0,3203,50,
3303,1,3303,251164,0,3302,1530000,3302,1530000,3302,0,3303,36,
3404,1,3404,230234,0,3402,1530000,3403,1530000,3403,0,3404,33,
3504,1,3504,417814,0,3503,1836000,3503,1836000,3503,0,3504,44,
3609,1,3609,759663,0,3603,1836000,3604,1836000,3603,0,3607,80,
3706,1,3706,1118124,150074,3705,2295000,3705,2295000,3705,0,3706,80,
3806,1,3806,978358,10308,3805,2295000,3805,2295000,3805,0,3806,70,
3908,1,3908,978358,10308,3905,2295000,3906,2295000,3906,0,3908,70,
4008,1,4008,1397655,429605,4006,2295000,4008,2295000,4007,0,4008,100,
4110,1,4110,854621,0,4108,1836000,4109,1836000,4108,0,4110,90,
4210,1,4210,1397655,429605,4209,2295000,4209,2295000,4209,0,4210,100,
4310,1,4310,1257889,289839,4309,2295000,4309,2295000,4309,0,4310,90,
4411,1,4411,880522,0,4410,2295000,4410,2295000,4410,0,4411,63,
4512,1,4512,1271866,303816,4510,2295000,4511,2295000,4511,0,4512,91,
4617,1,4617,1397655,429605,4611,2295000,4612,2295000,4612,0,4617,100,
4713,1,4713,1397655,429605,4711,2295000,4712,2295000,4712,0,4713,100,
4815,1,4815,522268,0,4812,1836000,4812,1836000,4812,0,4814,55,
4915,1,4915,968099,49,4912,2193000,4914,2193000,4914,0,4914,75,
5019,1,5019,768710,0,5013,2295000,5017,2295000,5017,0,5018,55,
5121,1,5121,1118124,150074,5113,2295000,5120,2295000,5120,0,5121,80,
5215,1,5215,1397655,429605,5213,2295000,5215,2295000,5214,0,5215,100,
5315,1,5315,1397655,429605,5314,2295000,5314,2295000,5314,0,5315,100,
5416,1,5415,1397655,429605,5414,2295000,5415,2295000,5415,0,5415,100,
5516,1,5516,854621,0,5515,1836000,5515,1836000,5515,0,5516,90,
5616,1,5616,1229936,261886,5615,2295000,5615,2295000,5615,0,5616,88,
5717,1,5717,1397655,429605,5715,2295000,5716,2295000,5716,0,5716,100,
5818,1,5818,949579,0,5816,1836000,5817,1836000,5816,0,5818,100,
5918,1,5918,1118124,150074,5916,2295000,5917,2295000,5917,0,5918,80,
6019,1,6019,922452,0,6017,2295000,6018,2295000,6018,0,6019,66,
6118,1,6118,1006311,38261,6117,2295000,6117,2295000,6117,0,6118,72,
6219,1,6219,559789,0,6218,1632000,6218,1632000,6218,0,6219,72,
6319,1,6319,118810,0,6318,2091000,6319,2091000,6319,0,6319,10,
6420,1,6420,55983,0,6419,1428000,6419,1428000,6419,0,6420,9,
6520,1,6520,735119,0,6519,2014500,6519,2014500,6519,0,6520,66,
6621,1,6621,1397655,429605,6619,2295000,6620,2295000,6620,0,6620,100,
6722,1,6722,1118124,150074,6720,2295000,6721,2295000,6720,0,6722,80,
6822,1,6822,343816,0,6820,1938000,6820,1938000,6820,0,6821,33,
6924,1,6924,387653,0,6922,1734000,6923,1734000,6923,0,6924,45,
7024,1,7024,248814,0,7023,1428000,7023,1428000,7023,0,7024,40,
7124,1,7124,111966,0,7123,1428000,7124,1428000,7123,0,7124,18,
7249,1,7249,55814,0,7231,1428000,7242,1530000,7242,0,7244,8,
7326,1,7326,495352,0,7325,1530000,7325,1530000,7325,0,7326,71,
7426,1,7426,569747,0,7425,1836000,7425,1836000,7425,0,7426,60,
7527,1,7527,569747,0,7525,1836000,7526,1836000,7526,0,7527,60,
7627,1,7627,759663,0,7626,1836000,7626,1836000,7626,0,7627,80,
7727,1,7727,949579,0,7726,1836000,7727,1836000,7726,0,7727,100,
7828,1,7828,1215959,247909,7827,2295000,7827,2295000,7827,0,7828,87,
7928,1,7928,698827,0,7927,2295000,7927,2295000,7927,0,7928,50,
8031,1,8031,569747,0,8029,1836000,8030,1836000,8030,0,8030,60,
8130,1,8130,94759,0,8129,1734000,8130,1734000,8130,0,8130,11,
8235,1,8232,251164,0,8230,1530000,8231,1530000,8230,0,8232,36,
8336,1,8336,28274,0,8330,510000,8333,510000,8332,0,8335,22,
8432,1,8432,251164,0,8430,1530000,8431,1530000,8431,0,8432,36,
8532,1,8532,209303,0,8531,1530000,8531,1530000,8531,0,8532,30,
8635,1,8635,14709,0,8632,561000,8633,561000,8632,0,8635,10,
8740,1,8740,0,0,8733,510000,8736,510000,8734,0,8740,0,
8836,1,8836,21788,0,8833,688500,8834,688500,8834,0,8836,11,
8937,1,8937,47031,0,8933,586500,8935,586500,8934,0,8937,30,
9034,1,9034,76744,0,9033,1530000,9034,1530000,9033,0,9034,11,
9134,1,9134,100243,0,9133,2014500,9134,2014500,9134,0,9134,9,
9239,1,9239,0,0,9235,510000,9236,510000,9236,0,9239,0,
9344,1,9343,12852,0,9336,510000,9338,510000,9337,0,9343,10,
9438,1,9438,76744,0,9436,1530000,9437,1530000,9436,0,9437,11,
9538,1,9538,76744,0,9536,1530000,9537,1530000,9537,0,9538,11,
9642,1,9642,21228,0,9637,637500,9639,637500,9638,0,9642,12,
9740,1,9740,188373,0,9738,1530000,9739,1530000,9738,0,9740,27,
9846,1,9846,12852,0,9839,510000,9841,510000,9840,0,9844,10,
9941,1,9940,174420,0,9939,1530000,9939,1530000,9939,0,9940,25,
10041,1,10041,125582,0,10039,1530000,10040,1530000,10039,0,10040,18,
10141,1,10141,188373,0,10139,1530000,10140,1530000,10140,0,10141,27,
10245,1,10245,15677,0,10241,510000,10242,586500,10242,0,10245,10,
10350,1,10350,70762,0,10343,637500,10345,637500,10344,0,10350,40,
10447,1,10446,0,0,10443,841500,10444,841500,10444,0,10446,0,
10550,1,10550,0,0,10544,510000,10546,510000,10545,0,10549,0,
10654,1,10653,27535,0,10645,535500,10648,535500,10647,0,10652,20,
10752,1,10751,12852,0,10745,510000,10747,510000,10747,0,10750,10,
10850,1,10850,42328,0,10845,586500,10847,586500,10846,0,10850,27,
10949,1,10949,348840,0,10946,1530000,10947,1530000,10947,0,10948,50,
11048,1,11048,69768,0,11047,1530000,11047,1530000,11047,0,11048,10,
11149,1,11149,153489,0,11147,1530000,11148,1530000,11147,0,11148,22,
11249,1,11249,0,0,11248,1530000,11248,1530000,11248,0,11249,0,
11355,1,11355,58379,0,11349,637500,11351,637500,11350,0,11355,33,
11450,1,11450,0,0,11449,1836000,11449,1836000,11449,0,11450,0,
11550,1,11550,139765,0,11549,2295000,11550,2295000,11549,0,11550,10,
11651,1,11651,300730,0,11650,2014500,11650,2014500,11650,0,11651,27,
11755,1,11754,42328,0,11751,586500,11752,586500,11752,0,11754,27,
11856,1,11856,46267,0,11851,510000,11853,510000,11852,0,11855,36,
11954,1,11954,209303,0,11952,1530000,11953,1530000,11952,0,11954,30,
12058,1,12058,25704,0,12053,510000,12055,510000,12054,0,12058,20,
12157,1,12157,38919,0,12153,637500,12155,637500,12154,0,12157,22,
12258,1,12258,12852,0,12254,510000,12255,510000,12255,0,12258,10,
12364,1,12363,23339,0,12355,612000,12358,612000,12356,0,12362,14,
12455,1,12455,139536,0,12454,1530000,12454,1530000,12454,0,12455,20,
12559,1,12559,14709,0,12555,561000,12557,561000,12556,0,12559,10,
12657,1,12657,76744,0,12655,1530000,12656,1530000,12656,0,12657,11,
12762,1,12762,12852,0,12757,510000,12758,510000,12758,0,12761,10,
12858,1,12858,306979,0,12856,1530000,12857,1530000,12857,0,12858,44,
12959,1,12959,188373,0,12957,1530000,12958,1530000,12958,0,12959,27,
13067,1,13067,12852,0,13058,510000,13060,510000,13059,0,13066,10,
13162,1,13162,0,0,13158,510000,13160,510000,13159,0,13162,0,
13260,1,13260,69768,0,13259,1530000,13259,1530000,13259,0,13260,10,
13364,1,13364,63686,0,13359,637500,13361,637500,13360,0,13363,36,
13471,1,13470,12852,0,13460,510000,13467,510000,13462,0,13470,10,
13562,1,13562,139536,0,13560,1530000,13561,1530000,13561,0,13562,20,
13668,1,13667,14709,0,13662,561000,13664,561000,13663,0,13667,10,
13764,1,13763,125582,0,13762,1530000,13762,1530000,13762,0,13763,18,
13868,1,13868,12852,0,13863,510000,13865,510000,13864,0,13867,10,
13964,1,13964,153489,0,13963,1530000,13963,1530000,13963,0,13964,22,
14064,1,14064,0,0,14063,1632000,14063,1632000,14063,0,14064,0,
14169,1,14168,23133,0,14164,510000,14166,510000,14165,0,14168,18,
14269,1,14269,25704,0,14265,510000,14267,510000,14266,0,14269,20,
14370,1,14370,0,0,14366,510000,14368,510000,14367,0,14370,0,
14471,1,14471,14137,0,14467,510000,14468,510000,14468,0,14470,11,
14572,1,14572,28274,0,14567,510000,14569,510000,14568,0,14572,22,
14673,1,14673,34419,0,14668,535500,14670,535500,14669,0,14672,25,
14723,1,14723,45433,0,14719,535500,14720,535500,14720,0,14723,33,
14821,1,14821,474789,0,14819,1836000,14820,1836000,14819,0,14821,50,
14938,1,14938,31843,0,14921,510000,14934,637500,14925,0,14937,18,
15023,1,15023,139536,0,15021,1530000,15022,1530000,15021,0,15022,20,
15126,1,15126,34489,0,15122,586500,15124,586500,15123,0,15126,22,
15225,1,15225,76744,0,15223,1530000,15224,1530000,15224,0,15225,11,
15328,1,15328,0,0,15323,510000,15325,510000,15324,0,15327,0,
15429,1,15429,34419,0,15424,535500,15426,535500,15425,0,15428,25,
15531,1,15531,28274,0,15526,510000,15528,510000,15527,0,15531,22,
15632,1,15631,47764,0,15627,637500,15629,637500,15628,0,15630,27,
15738,1,15738,26673,0,15728,510000,15732,612000,15730,0,15737,16,
15830,1,15830,0,0,15828,1530000,15829,1530000,15829,0,15830,0,
15951,1,15951,52693,0,15938,510000,15947,510000,15940,0,15950,41,
16031,1,16031,76744,0,16029,1530000,16030,1530000,16030,0,16031,11,
16136,1,16135,41220,0,16131,663000,16133,663000,16132,0,16135,22,
16242,1,16242,25704,0,16233,510000,16237,510000,16236,0,16241,20,
16334,1,16334,76744,0,16332,1530000,16333,1530000,16333,0,16334,11,
16435,1,16435,0,0,16433,1530000,16434,1530000,16433,0,16434,0,
16539,1,16539,0,0,16535,637500,16536,637500,16535,0,16539,0,
16640,1,16640,12852,0,16635,510000,16637,510000,16636,0,16640,10,
16740,1,16740,0,0,16736,510000,16737,510000,16736,0,16739,0,
16842,1,16842,0,0,16837,612000,16839,612000,16838,0,16841,0,
16941,1,16940,251164,0,16938,1530000,16939,1530000,16939,0,16940,36,
17042,1,17042,19808,0,17039,688500,17040,688500,17040,0,17042,10,
17146,1,17145,13767,0,17140,510000,17143,535500,17142,0,17145,10,
17248,1,17248,23133,0,17242,510000,17245,510000,17244,0,17247,18,
17343,1,17343,0,0,17341,1632000,17342,1632000,17342,0,17343,0,
17444,1,17444,0,0,17442,1530000,17443,1530000,17443,0,17444,0,
17547,1,17547,20905,0,17543,714000,17545,714000,17544,0,17547,10,
17648,1,17648,0,0,17644,510000,17645,510000,17645,0,17648,0,
17747,1,17747,0,0,17745,1530000,17746,1530000,17746,0,17747,0,
17850,1,17850,25704,0,17846,510000,17848,510000,17847,0,17850,20,
17949,1,17949,230234,0,17947,1530000,17948,1530000,17948,0,17949,33,
18052,1,18051,12852,0,18048,510000,18049,510000,18048,0,18051,10,
18154,1,18153,25704,0,18149,510000,18151,510000,18150,0,18153,20,
18255,1,18255,12852,0,18251,510000,18252,510000,18252,0,18255,10,
18352,1,18352,69768,0,18351,1530000,18351,1530000,18351,0,18352,10,
18459,1,18458,0,0,18454,510000,18456,510000,18455,0,18458,0,
18554,1,18554,0,0,18553,1530000,18553,1530000,18553,0,18554,0,
18658,1,18657,0,0,18654,510000,18655,510000,18654,0,18657,0,
18758,1,18758,35381,0,18754,637500,18756,637500,18755,0,18757,20,
18859,1,18859,50012,0,18855,612000,18856,612000,18856,0,18859,30,
18956,1,18956,153489,0,18955,1530000,18955,1530000,18955,0,18956,22,
19060,1,19060,42411,0,19056,510000,19057,510000,19057,0,19060,33,
19161,1,19161,0,0,19157,510000,19158,510000,19158,0,19160,0,
19263,1,19262,34700,0,19257,510000,19259,510000,19258,0,19262,27,
19364,1,19364,47764,0,19358,637500,19360,637500,19359,0,19363,27,
19460,1,19460,76744,0,19458,1530000,19459,1530000,19459,0,19460,11,
19566,1,19565,11566,0,19560,510000,19562,510000,19562,0,19565,9,
19667,1,19667,25704,0,19661,510000,19663,510000,19663,0,19666,20,
19763,1,19763,125582,0,19761,1530000,19761,1530000,19761,0,19762,18,
19863,1,19863,69768,0,19861,1530000,19862,1530000,19861,0,19862,10,
19965,1,19964,313955,0,19962,1530000,19963,1530000,19963,0,19964,45,
20063,1,20063,417814,0,20062,1836000,20062,1836000,20062,0,20063,44,
20167,1,20167,14109,0,20164,586500,20165,586500,20165,0,20167,9,
20266,1,20266,0,0,20264,1530000,20265,1530000,20264,0,20265,0,
20370,1,20370,0,0,20365,637500,20367,637500,20366,0,20369,0,
20472,1,20471,27535,0,20466,535500,20468,535500,20467,0,20470,20,
20573,1,20573,14137,0,20567,510000,20569,510000,20568,0,20572,11,
20669,1,20669,125582,0,20667,1530000,20668,1530000,20667,0,20668,18,
20774,1,20774,12852,0,20769,510000,20770,510000,20770,0,20773,10,
20874,1,20874,25704,0,20869,510000,20870,510000,20870,0,20873,20,
20974,1,20974,70762,0,20970,637500,20971,637500,20971,0,20973,40,
21082,1,21082,12852,0,21071,510000,21072,510000,21072,0,21082,10,
21175,1,21175,38919,0,21171,637500,21173,637500,21172,0,21175,22,
21276,1,21276,23133,0,21272,510000,21274,510000,21273,0,21276,18,
21378,1,21378,0,0,21373,535500,21375,535500,21374,0,21378,0,
21478,1,21478,47764,0,21473,637500,21475,637500,21474,0,21477,27,
21575,1,21575,139536,0,21573,1530000,21574,1530000,21574,0,21575,20,
21680,1,21680,0,0,21675,510000,21677,510000,21676,0,21679,0,
21775,1,21775,125582,0,21774,1530000,21775,1530000,21774,0,21775,18,
21879,1,21879,25704,0,21875,510000,21877,510000,21876,0,21879,20,
21978,1,21978,153489,0,21976,1530000,21976,1530000,21976,0,21978,22,
22079,1,22079,0,0,22077,1530000,22078,1530000,22077,0,22079,0,
22184,1,22184,11566,0,22178,510000,22180,510000,22179,0,22183,9,
22279,1,22279,0,0,22278,1530000,22278,1530000,22278,0,22279,0,
22383,1,22383,17244,0,22379,586500,22380,586500,22380,0,22383,11,
22484,1,22484,16180,0,22480,561000,22481,561000,22481,0,22484,11,
22586,1,22586,34700,0,22581,510000,22583,510000,22582,0,22585,27,
22685,1,22685,19459,0,22681,637500,22683,637500,22682,0,22685,11,
22786,1,22786,34700,0,22782,510000,22784,510000,22783,0,22786,27,
22887,1,22887,23339,0,22883,612000,22884,612000,22884,0,22886,14,
22990,1,22989,94076,0,22984,714000,22985,714000,22984,0,22988,45,
23089,1,23089,21228,0,23085,637500,23086,637500,23085,0,23088,12,
23191,1,23190,25704,0,23185,510000,23187,510000,23186,0,23190,20,
23289,1,23289,42328,0,23285,586500,23287,586500,23286,0,23289,27,
23390,1,23389,19459,0,23386,637500,23387,637500,23387,0,23389,11,
23487,1,23487,209303,0,23486,1530000,23486,1530000,23486,0,23487,30,
23588,1,23588,139536,0,23586,1530000,23587,1530000,23587,0,23588,20,
23690,1,23689,76744,0,23687,1530000,23688,1530000,23688,0,23689,11,
23796,1,23795,0,0,23788,510000,23789,510000,23789,0,23795,0,
23890,1,23889,76744,0,23888,1530000,23888,1530000,23888,0,23889,11,
23990,1,23990,209303,0,23988,1530000,23989,1530000,23989,0,23990,30,
24095,1,24095,23133,0,24090,510000,24092,510000,24091,0,24095,18,
24196,1,24196,32130,0,24190,510000,24192,510000,24192,0,24196,25,
24292,1,24292,76744,0,24290,1530000,24291,1530000,24291,0,24292,11,
24395,1,24395,53071,0,24391,637500,24393,637500,24392,0,24394,30,
24494,1,24494,139536,0,24492,1530000,24492,1530000,24492,0,24494,20,
24596,1,24596,23133,0,24592,510000,24593,510000,24593,0,24595,18,
24693,1,24693,69768,0,24692,1530000,24692,1530000,24692,0,24693,10,
24798,1,24798,0,0,24793,612000,24795,612000,24794,0,24797,0,
24898,1,24898,28274,0,24894,510000,24895,510000,24895,0,24898,22,
24996,1,24996,313955,0,24994,1530000,24995,1530000,24994,0,24996,45,
25101,1,25101,0,0,25095,510000,25096,510000,25096,0,25100,0,
25200,1,25200,14137,0,25196,510000,25197,510000,25197,0,25200,11,
25310,1,25309,34700,0,25296,510000,25300,510000,25297,0,25308,27,
25402,1,25402,44226,0,25397,637500,25398,637500,25398,0,25401,25,
25498,1,25498,76744,0,25496,1530000,25497,1530000,25497,0,25498,11,
25604,1,25603,34700,0,25598,510000,25600,510000,25599,0,25603,27,
25703,1,25703,0,0,25698,510000,25699,510000,25699,0,25702,0,
25804,1,25804,23133,0,25799,510000,25801,510000,25800,0,25804,18,
25900,1,25900,0,0,25899,1530000,25899,1530000,25899,0,25900,0,
26001,1,26001,209920,0,25999,1632000,26000,1632000,26000,0,26001,27,
26101,1,26101,153489,0,26100,1530000,26100,1530000,26100,0,26101,22,
26205,1,26204,41303,0,26201,535500,26202,535500,26202,0,26204,30,
26315,1,26315,23133,0,26302,510000,26311,510000,26307,0,26314,18,
26403,1,26403,230234,0,26401,1530000,26402,1530000,26402,0,26402,33,
26503,1,26503,62791,0,26502,1530000,26502,1530000,26502,0,26503,9,
26605,1,26605,0,0,26602,1530000,26603,1530000,26603,0,26604,0,
26709,1,26709,0,0,26703,510000,26705,510000,26704,0,26708,0,
26806,1,26806,0,0,26803,510000,26804,510000,26804,0,26806,0,
26907,1,26907,19459,0,26904,637500,26905,637500,26905,0,26907,11,
27005,1,27005,139536,0,27004,1530000,27004,1530000,27004,0,27005,20,
27108,1,27108,19459,0,27105,637500,27106,637500,27105,0,27108,11,
27206,1,27206,0,0,27204,1836000,27205,1836000,27205,0,27206,0,
27310,1,27309,0,0,27305,510000,27306,510000,27306,0,27309,0,
27411,1,27410,28274,0,27406,510000,27408,510000,27407,0,27410,22,
27512,1,27512,42411,0,27507,510000,27508,510000,27508,0,27511,33,
27613,1,27613,34700,0,27608,510000,27610,510000,27609,0,27613,27,
27718,1,27717,12852,0,27709,510000,27711,510000,27710,0,27717,10,
27815,1,27814,37172,0,27810,535500,27812,535500,27811,0,27814,27,
27917,1,27916,0,0,27910,510000,27912,510000,27912,0,27916,0,
28012,1,28012,209303,0,28011,1530000,28011,1530000,28011,0,28012,30,
28116,1,28116,0,0,28112,510000,28114,510000,28113,0,28116,0,
28213,1,28213,139536,0,28212,1530000,28212,1530000,28212,0,28213,20,
28313,1,28313,116171,0,28312,2193000,28312,2193000,28312,0,28313,9,
28416,1,28416,0,0,28413,510000,28414,510000,28413,0,28416,0,
28518,1,28518,12852,0,28514,510000,28515,510000,28515,0,28517,10,
28615,1,28615,0,0,28613,1530000,28614,1530000,28614,0,28614,0,
28715,1,28715,62791,0,28713,1530000,28714,1530000,28714,0,28715,9,
28818,1,28818,0,0,28814,510000,28816,510000,28815,0,28818,0,
28935,1,28935,68979,0,28915,586500,28917,586500,28916,0,28934,44,
29017,1,29017,188373,0,29015,1530000,29016,1530000,29015,0,29016,27,
29124,1,29124,53978,0,29116,510000,29120,510000,29118,0,29123,42,
29224,1,29224,25704,0,29219,510000,29221,510000,29220,0,29223,20,
29321,1,29321,153489,0,29319,1530000,29320,1530000,29320,0,29321,22,
29425,1,29425,12852,0,29421,510000,29422,510000,29422,0,29425,10,
29526,1,29526,0,0,29521,510000,29523,510000,29522,0,29526,0,
29623,1,29623,153489,0,29622,1530000,29622,1530000,29622,0,29623,22,
29728,1,29728,38556,0,29723,510000,29725,510000,29724,0,29727,30,
29825,1,29825,83721,0,29823,1530000,29824,1530000,29823,0,29825,12,
29944,1,29944,37172,0,29930,510000,29934,535500,29931,0,29943,27,
30026,1,30026,83721,0,30024,1530000,30025,1530000,30025,0,30026,12,
30132,1,30131,0,0,30126,510000,30128,510000,30127,0,30130,0,
30232,1,30231,14137,0,30226,510000,30227,510000,30227,0,30230,11,
30336,1,30335,11566,0,30327,510000,30331,510000,30329,0,30335,9,
30429,1,30429,83721,0,30427,1530000,30428,1530000,30427,0,30429,12,
30534,1,30534,23133,0,30529,510000,30530,510000,30530,0,30533,18,
30633,1,30633,39715,0,30629,561000,30631,561000,30630,0,30633,27,
30740,1,30739,12852,0,30730,510000,30735,510000,30732,0,30738,10,
30782,1,30781,348840,0,30780,1530000,30780,1530000,30780,0,30781,50,
30888,1,30888,25704,0,30881,510000,30883,510000,30881,0,30887,20,
30984,1,30984,284278,0,30982,1734000,30983,1734000,30982,0,30984,33,
31086,1,31085,0,0,31082,943500,31084,943500,31083,0,31085,0,
31184,1,31184,69768,0,31183,1530000,31183,1530000,31183,0,31184,10,
31284,1,31284,903559,0,31283,2193000,31283,2193000,31283,0,31283,70,
31384,1,31384,377366,0,31383,2295000,31383,2295000,31383,0,31384,27,
31488,1,31488,46267,0,31484,510000,31486,510000,31485,0,31488,36,
31586,1,31586,174420,0,31584,1530000,31584,1530000,31584,0,31585,25,
31688,1,31688,29418,0,31685,561000,31686,561000,31685,0,31688,20,
31786,1,31786,69768,0,31784,1530000,31785,1530000,31785,0,31786,10,
31892,1,31892,0,0,31885,510000,31888,510000,31886,0,31892,0,
31991,1,31991,34700,0,31986,510000,31987,510000,31987,0,31990,27,
32092,1,32092,42328,0,32087,586500,32088,586500,32088,0,32091,27,
32191,1,32191,31843,0,32188,637500,32189,637500,32188,0,32191,18,
32291,1,32291,230234,0,32288,1530000,32289,1530000,32289,0,32291,33,
32395,1,32395,922452,0,32390,2295000,32391,2295000,32391,0,32393,66,
32490,1,32490,419296,0,32489,2295000,32490,2295000,32489,0,32490,30,
32590,1,32590,279531,0,32589,2295000,32590,2295000,32590,0,32590,20,
32702,1,32701,0,0,32691,535500,32695,535500,32692,0,32700,0,
32793,1,32793,76744,0,32791,1530000,32792,1530000,32791,0,32792,11,
32898,1,32897,34700,0,32892,510000,32894,510000,32893,0,32897,27,
32996,1,32995,56209,0,32992,663000,32994,663000,32993,0,32995,30,
33096,1,33096,0,0,33093,637500,33094,637500,33094,0,33096,0,
33195,1,33194,69768,0,33193,1530000,33193,1530000,33193,0,33194,10,
33299,1,33299,0,0,33294,510000,33296,510000,33295,0,33298,0,
33400,1,33400,383724,0,33395,1530000,33398,1530000,33396,0,33400,55,
33495,1,33495,379831,0,33494,1836000,33495,1836000,33494,0,33495,40,
33599,1,33599,0,0,33595,561000,33597,561000,33596,0,33599,0,
33698,1,33698,0,0,33696,1530000,33697,1530000,33696,0,33698,0,
33802,1,33802,0,0,33797,510000,33798,510000,33798,0,33801,0,
33898,1,33898,62791,0,33897,1530000,33897,1530000,33897,0,33898,9,
33999,1,33999,230234,0,33997,1530000,33998,1530000,33997,0,33998,33,
34099,1,34099,55983,0,34098,1428000,34099,1428000,34098,0,34099,9,
34204,1,34203,29418,0,34199,561000,34201,561000,34200,0,34203,20,
34307,1,34306,23133,0,34300,510000,34304,510000,34303,0,34306,18,
34402,1,34402,76744,0,34400,1530000,34401,1530000,34400,0,34401,11,
34506,1,34506,0,0,34502,637500,34503,637500,34503,0,34505,0,
34605,1,34605,125582,0,34602,1530000,34603,1530000,34603,0,34604,18,
34704,1,34704,0,0,34702,1530000,34703,1530000,34703,0,34704,0,
34808,1,34807,12852,0,34804,510000,34805,510000,34805,0,34807,10,
34908,1,34908,15677,0,34904,586500,34906,586500,34905,0,34908,10,
35009,1,35009,35381,0,35005,637500,35007,637500,35006,0,35008,20,
35108,1,35108,0,0,35106,1530000,35107,1530000,35107,0,35108,0,
35212,1,35212,0,0,35207,510000,35208,510000,35208,0,35211,0,
35308,1,35308,139536,0,35306,1530000,35307,1530000,35307,0,35308,20,
35412,1,35412,30288,0,35408,535500,35409,535500,35408,0,35412,22,
35514,1,35514,28274,0,35509,510000,35511,510000,35510,0,35513,22,
35618,1,35617,11566,0,35611,510000,35614,510000,35613,0,35617,9,
35712,1,35711,209303,0,35710,1530000,35710,1530000,35710,0,35711,30,
35817,1,35817,37172,0,35811,535500,35814,535500,35813,0,35816,27,
35916,1,35916,50012,0,35911,612000,35913,612000,35912,0,35915,30,
36026,1,36024,61830,0,36013,663000,36017,663000,36016,0,36024,33,
36037,1,36114,379831,0,36113,1836000,36113,1836000,36113,0,36114,40,
36114,1,36214,139536,0,36213,1530000,36213,1530000,36213,0,36214,20,
36214,1,36321,38919,0,36314,637500,36317,637500,36316,0,36320,22,
36321,1,36417,46359,0,36414,765000,36415,765000,36415,0,36417,20,
36418,1,36516,76744,0,36514,1530000,36515,1530000,36514,0,36516,11,
36516,1,36616,69768,0,36614,1530000,36615,1530000,36615,0,36616,10,
36616,1,36719,20563,0,36716,510000,36717,510000,36716,0,36719,16,
36720,1,36820,0,0,36816,510000,36817,510000,36817,0,36820,0,
36820,1,36936,23133,0,36918,510000,36929,510000,36919,0,36936,18,
36936,1,37020,0,0,37018,1530000,37019,1530000,37018,0,37020,0,
37020,1,37123,0,0,37119,586500,37121,586500,37120,0,37123,0,
37123,1,37227,0,0,37221,510000,37223,510000,37222,0,37226,0,
37227,1,37322,251164,0,37321,1530000,37321,1530000,37321,0,37322,36,
37322,1,37423,230234,0,37421,1530000,37422,1530000,37422,0,37422,33,
37423,1,37523,125582,0,37522,1530000,37522,1530000,37522,0,37523,18,
37523,1,37631,139536,0,37623,1530000,37626,1530000,37625,0,37631,20,
37631,1,37727,14137,0,37723,510000,37724,510000,37724,0,37726,11,
37727,1,37824,76744,0,37823,1530000,37823,1530000,37823,0,37824,11,
37824,1,37930,35381,0,37926,637500,37927,637500,37927,0,37929,20,
37930,1,38029,112418,0,38025,663000,38027,663000,38026,0,38029,60,
38029,1,38132,0,0,38126,510000,38128,510000,38127,0,38131,0,
38132,1,38228,69768,0,38226,1530000,38227,1530000,38227,0,38228,10,
38228,1,38334,25704,0,38328,510000,38330,510000,38329,0,38333,20,
38335,1,38437,28274,0,38429,510000,38433,510000,38430,0,38436,22,
38437,1,38543,12852,0,38531,510000,38536,510000,38533,0,38542,10,
38543,1,38632,76744,0,38630,1530000,38631,1530000,38630,0,38632,11,
38632,1,38736,34700,0,38731,510000,38733,510000,38732,0,38736,27,
38736,1,38837,16521,0,38832,535500,38834,535500,38834,0,38837,12,
38837,1,38942,44226,0,38937,637500,38940,637500,38939,0,38942,25,
38943,1,39037,0,0,39033,510000,39035,510000,39034,0,39037,0,
39037,1,39138,0,0,39135,586500,39136,586500,39136,0,39138,0,
39138,1,39237,0,0,39235,1530000,39235,1530000,39235,0,39237,0,
39237,1,39339,0,0,39336,510000,39337,510000,39336,0,39339,0,
39339,1,39437,0,0,39436,1530000,39437,1530000,39436,0,39437,0,
39437,1,39541,0,0,39537,612000,39538,612000,39538,0,39540,0,
39541,1,39644,23133,0,39639,510000,39640,510000,39640,0,39643,18,
39644,1,39747,11566,0,39739,510000,39741,510000,39740,0,39746,9,
39748,1,39841,230234,0,39839,1530000,39840,1530000,39840,0,39841,33,
39841,1,39943,209303,0,39940,1530000,39941,1530000,39941,0,39943,30,
39943,1,40049,34700,0,40041,510000,40045,510000,40044,0,40049,27,
40049,1,40149,23133,0,40143,510000,40146,510000,40145,0,40149,18,
40150,1,40249,0,0,40244,510000,40246,510000,40245,0,40248,0,
40249,1,40345,69768,0,40343,1530000,40344,1530000,40343,0,40345,10,
40345,1,40447,69768,0,40444,1530000,40445,1530000,40445,0,40446,10,
40447,1,40552,29418,0,40546,561000,40549,561000,40547,0,40551,20,
40552,1,40656,23133,0,40648,510000,40653,510000,40651,0,40656,18,
40657,1,40749,76744,0,40747,1530000,40748,1530000,40748,0,40749,11,
40749,1,40850,69768,0,40848,1530000,40849,1530000,40849,0,40850,10,
40850,1,40952,139536,0,40949,1530000,40950,1530000,40950,0,40951,20,
40952,1,41057,23133,0,41051,510000,41052,510000,41052,0,41057,18,
41057,1,41152,125582,0,41151,1530000,41151,1530000,41151,0,41152,18,
41153,1,41253,69768,0,41251,1530000,41252,1530000,41252,0,41253,10,
41253,1,41358,0,0,41353,561000,41355,561000,41354,0,41357,0,
41358,1,41455,188373,0,41454,1530000,41454,1530000,41454,0,41455,27,
41456,1,41560,11566,0,41555,510000,41557,510000,41556,0,41559,9,
41560,1,41656,139536,0,41654,1530000,41655,1530000,41655,0,41656,20,
41656,1,41760,0,0,41755,510000,41757,510000,41756,0,41759,0,
41760,1,41860,14137,0,41856,510000,41857,510000,41857,0,41860,11,
41860,1,41958,153489,0,41956,1530000,41957,1530000,41956,0,41958,22,
41958,1,42058,139536,0,42056,1530000,42057,1530000,42056,0,42057,20,
42058,1,42161,0,0,42158,637500,42159,637500,42158,0,42161,0,
42161,1,42262,72531,0,42258,637500,42259,637500,42259,0,42261,41,
42262,1,42364,25704,0,42359,510000,42362,510000,42360,0,42364,20,
42365,1,42461,69768,0,42459,1530000,42459,1530000,42459,0,42460,10,
42461,1,42566,42411,0,42560,510000,42562,510000,42561,0,42566,33,
42567,1,42665,17690,0,42661,637500,42663,637500,42662,0,42665,10,
42666,1,42767,12852,0,42761,510000,42764,510000,42763,0,42767,10,
42768,1,42863,69768,0,42861,1530000,42862,1530000,42862,0,42863,10,
42863,1,42966,76744,0,42963,1530000,42964,1530000,42963,0,42966,11,
42966,1,43064,0,0,43062,1530000,43063,1530000,43063,0,43064,0,
43064,1,43168,11566,0,43163,510000,43164,510000,43164,0,43167,9,
43168,1,43274,0,0,43265,510000,43268,510000,43267,0,43272,0,
43275,1,43365,139536,0,43364,1530000,43364,1530000,43364,0,43365,20,
43365,1,43465,683697,0,43464,1836000,43465,1836000,43464,0,43465,72,
43465,1,43565,1397655,429605,43564,2295000,43565,2295000,43565,0,43565,100,
43565,1,43666,0,0,43665,1224000,43665,1224000,43665,0,43666,0,
43666,1,43766,125582,0,43765,1530000,43765,1530000,43765,0,43766,18,
43766,1,43872,0,0,43866,510000,43868,510000,43867,0,43871,0,
43873,1,43971,70547,0,43967,586500,43968,586500,43968,0,43970,45,
43971,1,44068,188373,0,44067,1530000,44067,1530000,44067,0,44068,27,
44068,1,44169,76744,0,44167,1530000,44168,1530000,44168,0,44169,11,
44169,1,44273,20563,0,44269,510000,44270,510000,44270,0,44273,16,
44273,1,44370,83721,0,44369,1530000,44369,1530000,44369,0,44370,12,
44370,1,44471,188373,0,44469,1530000,44470,1530000,44469,0,44470,27,
44471,1,44575,28218,0,44570,586500,44573,586500,44572,0,44575,18,
44575,1,44675,76744,0,44671,510000,44673,1530000,44672,0,44675,11,
44676,1,44772,104453,0,44771,1836000,44771,1836000,44771,0,44772,11,
44772,1,44877,24781,0,44872,535500,44874,535500,44873,0,44876,18,
44877,1,44982,30288,0,44974,535500,44976,535500,44975,0,44981,22,
44982,1,45081,11566,0,45075,510000,45077,510000,45076,0,45080,9,
45081,1,45180,38556,0,45175,510000,45177,510000,45177,0,45180,30,
45180,1,45280,15144,0,45276,535500,45277,535500,45277,0,45280,11,
45280,1,45378,188373,0,45376,1530000,45377,1530000,45376,0,45378,27,
45378,1,45483,12852,0,45477,510000,45479,510000,45478,0,45483,10,
45484,1,45583,55070,0,45578,535500,45580,535500,45579,0,45582,40,
45583,1,45636,51734,0,45629,586500,45631,586500,45630,0,45635,33,
45636,1,45729,209303,0,45728,1530000,45729,1530000,45728,0,45729,30,
45729,1,45833,35381,0,45830,637500,45831,637500,45830,0,45833,20,
45833,1,45935,139536,0,45930,1530000,45932,1530000,45931,0,45934,20,
45935,1,46036,12852,0,46031,510000,46033,510000,46032,0,46035,10,
46036,1,46137,0,0,46133,510000,46134,510000,46134,0,46137,0,
46138,1,46237,0,0,46233,637500,46235,637500,46234,0,46237,0,
46238,1,46335,76744,0,46333,1530000,46334,1530000,46333,0,46335,11,
46335,1,46439,0,0,46434,510000,46436,510000,46435,0,46439,0,
46440,1,46538,0,0,46534,637500,46535,637500,46535,0,46537,0,
46538,1,46639,0,0,46635,510000,46636,510000,46636,0,46639,0,
46639,1,46739,0,0,46735,510000,46736,510000,46736,0,46739,0,
46739,1,46841,0,0,46836,510000,46838,510000,46837,0,46841,0,
46842,1,46938,188373,0,46936,1530000,46937,1530000,46937,0,46938,27,
46938,1,47039,0,0,47037,1530000,47038,1530000,47037,0,47038,0,
47039,1,47139,0,0,47137,1530000,47138,1530000,47138,0,47139,0,
47139,1,47243,12852,0,47239,510000,47242,510000,47240,0,47243,10,
47244,1,47346,11566,0,47340,510000,47342,510000,47341,0,47345,9,
47346,1,47446,25704,0,47441,510000,47443,510000,47442,0,47446,20,
47447,1,47547,0,0,47542,535500,47544,535500,47543,0,47546,0,
47547,1,47645,76744,0,47642,1530000,47643,1530000,47643,0,47645,11,
47645,1,47749,0,0,47743,510000,47745,510000,47745,0,47748,0,
47750,1,47847,12852,0,47843,510000,47845,510000,47844,0,47847,10,
47847,1,47948,32360,0,47944,561000,47946,561000,47945,0,47948,22,
47948,1,48046,69768,0,48044,1530000,48045,1530000,48045,0,48046,10,
48046,1,48151,0,0,48145,586500,48147,586500,48146,0,48150,0,
48151,1,48250,46267,0,48246,510000,48247,510000,48247,0,48250,36,
48250,1,48351,12852,0,48347,510000,48348,510000,48348,0,48351,10,
48351,1,48451,63686,0,48447,637500,48448,637500,48448,0,48451,36,
48452,1,48554,23133,0,48549,510000,48551,510000,48550,0,48554,18,
48554,1,48650,0,0,48649,1530000,48649,1530000,48649,0,48650,0,
48650,1,48755,12852,0,48750,510000,48752,510000,48751,0,48754,10,
48755,1,48855,31843,0,48851,637500,48853,637500,48852,0,48855,18,
48856,1,48956,53071,0,48952,637500,48953,637500,48953,0,48955,30,
48956,1,49057,12852,0,49052,510000,49054,510000,49053,0,49056,10,
49057,1,49154,0,0,49152,1530000,49153,1530000,49152,0,49153,0,
49154,1,49258,14709,0,49253,561000,49255,561000,49254,0,49257,10,
49258,1,49359,25704,0,49354,510000,49356,510000,49355,0,49359,20,
49360,1,49467,12852,0,49460,510000,49463,510000,49462,0,49466,10,
49467,1,49558,141987,0,49557,2193000,49557,2193000,49557,0,49558,11,
49558,1,49670,11566,0,49658,510000,49664,510000,49662,0,49669,9,
49671,1,49765,30288,0,49759,535500,49762,535500,49761,0,49764,22,
49765,1,49883,31354,0,49860,586500,49864,586500,49862,0,49883,20,
49884,1,49962,230234,0,49960,1530000,49960,1530000,49960,0,49962,33,
49962,1,50066,25704,0,50061,510000,50063,510000,50062,0,50066,20,
50067,1,50165,45011,0,50161,612000,50163,612000,50162,0,50165,27,
50165,1,50266,38556,0,50262,510000,50264,510000,50263,0,50266,30,
50266,1,50366,25704,0,50363,510000,50364,510000,50363,0,50366,20,
50367,1,50469,12852,0,50463,510000,50465,510000,50464,0,50468,10,
50469,1,50565,0,0,50563,1530000,50564,1530000,50563,0,50565,0,
50565,1,50665,0,0,50663,1530000,50664,1530000,50664,0,50665,0,
50665,1,50769,0,0,50764,561000,50766,561000,50765,0,50768,0,
50769,1,50870,14137,0,50865,510000,50867,510000,50866,0,50870,11,
50871,1,50966,153489,0,50965,1530000,50965,1530000,50965,0,50966,22,
50966,1,51067,69768,0,51066,1530000,51066,1530000,51066,0,51067,10,
51067,1,51170,0,0,51167,612000,51168,612000,51168,0,51170,0,
51171,1,51269,69768,0,51267,1530000,51267,1530000,51267,0,51269,10,
51269,1,51375,11566,0,51368,510000,51371,510000,51370,0,51374,9,
51375,1,51469,0,0,51468,1530000,51468,1530000,51468,0,51469,0,
51470,1,51574,17690,0,51570,637500,51572,637500,51571,0,51573,10,
51574,1,51674,49563,0,51670,535500,51672,535500,51671,0,51674,36,
51675,1,51779,14137,0,51772,510000,51776,510000,51774,0,51778,11,
51780,1,51877,38556,0,51872,510000,51874,510000,51873,0,51876,30,
51877,1,51977,73351,0,51973,612000,51974,612000,51974,0,51976,44,
51977,1,52080,12852,0,52074,510000,52076,510000,52075,0,52079,10,
52080,1,52175,0,0,52173,1530000,52174,1530000,52174,0,52175,0,
52175,1,52281,12852,0,52275,510000,52277,510000,52276,0,52280,10,
52281,1,52378,33341,0,52375,612000,52376,612000,52376,0,52378,20,
52379,1,52483,14709,0,52477,561000,52479,561000,52478,0,52483,10,
52484,1,52577,69768,0,52576,1530000,52577,1530000,52576,0,52577,10,
52578,1,52681,0,0,52677,637500,52678,637500,52678,0,52680,0,
52681,1,52783,23133,0,52778,510000,52780,510000,52779,0,52782,18,
52783,1,52883,15677,0,52879,586500,52880,586500,52880,0,52883,10,
52883,1,52982,286048,0,52979,1530000,52980,1530000,52980,0,52981,41,
52982,1,53085,14137,0,53080,510000,53082,510000,53081,0,53084,11,
53085,1,53183,83721,0,53181,1530000,53181,1530000,53181,0,53183,12,
53183,1,53283,125582,0,53281,1530000,53282,1530000,53282,0,53283,18,
53283,1,53394,0,0,53383,510000,53387,510000,53385,0,53392,0,
53395,1,53484,139536,0,53483,1530000,53483,1530000,53483,0,53484,20,
53484,1,53584,139536,0,53583,1530000,53583,1530000,53583,0,53584,20,
53584,1,53685,76744,0,53683,1530000,53684,1530000,53684,0,53685,11,
53685,1,53794,33341,0,53785,612000,53788,612000,53786,0,53792,20,
53794,1,53888,65759,0,53885,790500,53886,790500,53886,0,53888,27,
53888,1,53986,188373,0,53985,1530000,53985,1530000,53985,0,53986,27,
53986,1,54090,53071,0,54086,637500,54088,637500,54087,0,54090,30,
54090,1,54194,12852,0,54187,510000,54189,510000,54188,0,54194,10,
54195,1,54288,76744,0,54287,1530000,54288,1530000,54287,0,54288,11,
54288,1,54393,0,0,54389,535500,54390,535500,54390,0,54392,0,
54393,1,54495,12852,0,54490,510000,54492,510000,54491,0,54494,10,
54495,1,54598,25704,0,54591,510000,54594,510000,54593,0,54598,20,
54599,1,54693,174420,0,54691,1530000,54692,1530000,54692,0,54693,25,
54693,1,54793,0,0,54791,1530000,54792,1530000,54792,0,54793,0,
54793,1,54897,27535,0,54892,535500,54894,535500,54893,0,54896,20,
54897,1,54997,77838,0,54993,637500,54994,637500,54994,0,54997,44,
54997,1,55097,25704,0,55094,510000,55095,510000,55094,0,55097,20,
55097,1,55198,38919,0,55194,637500,55196,637500,55195,0,55198,22,
55198,1,55296,188373,0,55294,1530000,55295,1530000,55295,0,55296,27,
55296,1,55396,125582,0,55395,1530000,55395,1530000,55395,0,55396,18,
55396,1,55500,12852,0,55496,510000,55497,510000,55496,0,55500,10,
55500,1,55597,0,0,55596,1530000,55596,1530000,55596,0,55597,0,
55597,1,55702,12852,0,55697,510000,55699,510000,55698,0,55701,10,
55702,1,55802,37172,0,55798,535500,55799,535500,55799,0,55802,27,
55802,1,55905,23133,0,55899,510000,55901,510000,55900,0,55905,18,
55906,1,56011,1161719,193669,55999,2193000,56001,2193000,56001,0,56004,90,
56012,1,56100,866546,0,56099,2295000,56100,2295000,56100,0,56100,62,
56100,1,56206,23535,0,56201,510000,56203,561000,56202,0,56206,16,
56206,1,56309,23133,0,56302,510000,56305,510000,56303,0,56308,18,
56309,1,56403,188373,0,56402,1530000,56402,1530000,56402,0,56403,27,
56403,1,56507,0,0,56503,612000,56505,612000,56504,0,56507,0,
56508,1,56604,0,0,56603,1530000,56603,1530000,56603,0,56604,0,
56604,1,56706,0,0,56703,1530000,56704,1530000,56704,0,56706,0,
56707,1,56809,11566,0,56804,510000,56806,510000,56805,0,56809,9,
56810,1,56906,76744,0,56904,1530000,56905,1530000,56905,0,56906,11,
56906,1,57010,17690,0,57005,637500,57007,637500,57006,0,57009,10,
57010,1,57112,0,0,57107,561000,57109,561000,57108,0,57111,0,
57112,1,57214,37172,0,57207,535500,57211,535500,57210,0,57214,27,
57215,1,57313,0,0,57307,510000,57309,510000,57308,0,57313,0,
57313,1,57409,0,0,57408,1530000,57408,1530000,57408,0,57409,0,
57409,1,57514,17690,0,57510,637500,57511,637500,57511,0,57514,10,
57514,1,57625,24781,0,57610,535500,57612,535500,57612,0,57623,18,
57625,1,57712,172290,0,57710,1734000,57711,1734000,57711,0,57712,20,
57712,1,57816,21788,0,57812,688500,57814,688500,57813,0,57816,11,
57816,1,57917,34700,0,57913,510000,57915,510000,57914,0,57917,27,
57917,1,58018,41303,0,58014,535500,58015,535500,58015,0,58018,30,
58018,1,58119,12852,0,58115,510000,58117,510000,58116,0,58119,10,
58120,1,58219,32360,0,58215,561000,58217,561000,58216,0,58219,22,
58219,1,58318,188373,0,58316,1530000,58317,1530000,58317,0,58318,27,
58318,1,58424,26476,0,58418,561000,58420,561000,58419,0,58424,18,
58425,1,58523,14137,0,58517,510000,58519,510000,58518,0,58522,11,
58523,1,58624,33341,0,58619,612000,58621,612000,58620,0,58623,20,
58624,1,58727,25704,0,58720,510000,58724,510000,58722,0,58727,20,
58727,1,58825,42411,0,58821,510000,58823,510000,58822,0,58825,33,
58825,1,58944,39715,0,58938,561000,58940,561000,58939,0,58943,27,
58944,1,59026,97675,0,59024,1530000,59025,1530000,59024,0,59025,14,
59026,1,59127,153489,0,59125,1530000,59126,1530000,59125,0,59127,22,
59127,1,59232,23133,0,59225,510000,59228,510000,59227,0,59231,18,
59232,1,59330,12852,0,59326,510000,59328,510000,59327,0,59330,10,
59331,1,59430,0,0,59426,510000,59428,510000,59427,0,59430,0,
59431,1,59530,0,0,59527,612000,59528,612000,59527,0,59530,0,
59530,1,59634,0,0,59628,510000,59629,510000,59629,0,59634,0,
59635,1,59736,0,0,59729,510000,59732,510000,59730,0,59735,0,
59737,1,59830,83721,0,59829,1530000,59829,1530000,59829,0,59830,12,
59830,1,59930,188373,0,59929,1530000,59930,1530000,59929,0,59930,27,
59931,1,60031,69768,0,60029,1530000,60030,1530000,60030,0,60031,10,
60031,1,60140,32130,0,60130,510000,60135,510000,60134,0,60139,25,
60140,1,60238,38556,0,60232,510000,60234,510000,60233,0,60237,30,
60238,1,60334,125582,0,60332,1530000,60333,1530000,60333,0,60334,18,
60334,1,60436,0,0,60433,510000,60434,510000,60434,0,60436,0,
60437,1,60538,12852,0,60534,510000,60536,510000,60535,0,60538,10,
60538,1,60639,0,0,60635,510000,60637,510000,60636,0,60639,0,
60640,1,60746,279072,0,60740,535500,60743,1530000,60741,0,60745,40,
60748,1,60791,279072,0,60789,1530000,60790,1530000,60790,0,60791,40,
60791,1,60896,38556,0,60890,510000,60892,510000,60891,0,60895,30,
60897,1,60992,153489,0,60990,1530000,60991,1530000,60991,0,60992,22,
60992,1,61093,58637,0,61091,892500,61092,892500,61092,0,61093,20,
61093,1,61198,12852,0,61192,510000,61194,510000,61194,0,61197,10,
61198,1,61298,0,0,61293,561000,61295,561000,61294,0,61297,0,
61298,1,61399,25704,0,61393,510000,61395,510000,61394,0,61398,20,
61399,1,61495,0,0,61493,1530000,61494,1530000,61494,0,61495,0,
61495,1,61599,15144,0,61594,535500,61596,535500,61595,0,61599,11,
61600,1,61697,69768,0,61694,1530000,61695,1530000,61695,0,61697,10,
61697,1,61800,16670,0,61795,612000,61797,612000,61796,0,61799,10,
61800,1,61900,0,0,61895,637500,61897,637500,61896,0,61899,0,
61900,1,61997,230234,0,61995,1530000,61996,1530000,61996,0,61997,33,
61997,1,62100,47764,0,62097,637500,62098,637500,62097,0,62100,27,
62100,1,62203,25704,0,62198,510000,62199,510000,62199,0,62202,20,
62203,1,62301,14137,0,62298,510000,62299,510000,62299,0,62301,11,
62302,1,62399,209303,0,62398,1530000,62399,1530000,62398,0,62399,30,
62399,1,62503,36675,0,62499,612000,62500,612000,62500,0,62502,22,
62503,1,62606,23133,0,62601,510000,62603,510000,62602,0,62605,18,
62606,1,62707,12852,0,62701,510000,62703,510000,62702,0,62706,10,
62707,1,62802,139536,0,62800,1530000,62801,1530000,62801,0,62802,20,
62802,1,62907,26476,0,62902,561000,62904,561000,62903,0,62906,18,
62907,1,63004,139536,0,63002,1530000,63003,1530000,63002,0,63003,20,
63004,1,63114,13767,0,63106,535500,63111,535500,63109,0,63114,10,
63115,1,63206,0,0,63205,1530000,63205,1530000,63205,0,63206,0,
63206,1,63311,0,0,63306,510000,63307,510000,63307,0,63310,0,
63312,1,63409,76744,0,63406,1530000,63407,1530000,63407,0,63409,11,
63409,1,63514,27535,0,63507,535500,63510,535500,63508,0,63513,20,
63514,1,63613,31843,0,63608,637500,63610,637500,63609,0,63612,18,
63613,1,63709,139536,0,63708,1530000,63708,1530000,63708,0,63709,20,
63709,1,63810,76744,0,63808,1530000,63809,1530000,63809,0,63809,11,
63810,1,63910,125582,0,63909,1530000,63909,1530000,63909,0,63910,18,
63910,1,64017,25704,0,64011,510000,64014,510000,64012,0,64016,20,
64017,1,64115,35381,0,64112,637500,64113,637500,64113,0,64115,20,
64115,1,64217,0,0,64213,637500,64214,637500,64214,0,64217,0,
64217,1,64317,0,0,64314,612000,64315,612000,64314,0,64317,0,
64317,1,64419,11566,0,64415,510000,64416,510000,64415,0,64418,9,
64419,1,64518,0,0,64515,510000,64516,510000,64515,0,64518,0,
64518,1,64620,0,0,64616,586500,64617,586500,64617,0,64619,0,
64620,1,64717,69768,0,64716,1530000,64716,1530000,64716,0,64717,10,
64717,1,64821,0,0,64817,561000,64819,561000,64818,0,64821,0,
64821,1,64942,28305,0,64917,510000,64938,637500,64936,0,64941,16,
64942,1,65022,77838,0,65018,637500,65020,637500,65019,0,65022,44,
65022,1,65126,38556,0,65121,510000,65123,510000,65122,0,65125,30,
65126,1,65227,12852,0,65221,510000,65224,510000,65222,0,65226,10,
65227,1,65322,76744,0,65321,1530000,65321,1530000,65321,0,65322,11,
65322,1,65422,174420,0,65421,1530000,65422,1530000,65421,0,65422,25,
65423,1,65522,1076194,108144,65521,2295000,65522,2295000,65522,0,65522,77,
65522,1,65623,1397655,429605,65621,2295000,65622,2295000,65622,0,65623,100,
65623,1,65723,125788,0,65722,2295000,65722,2295000,65722,0,65723,9,
65723,1,65826,0,0,65822,2295000,65822,2295000,65822,0,65823,0,
65826,1,65923,279531,0,65922,2295000,65923,2295000,65922,0,65923,20,
65923,1,,,,,,,,,,,,
,,,,,,,,,,,,,

System Statistics:
Sensor Id,Name,Type,Average
206,"Battery Status",Battery Status,1.0
332,"Battery Power*",Power [uW],13633.363221884498
1000,"CPU1 Frequency",CPU Frequency [kHz],1073906.5349544073
1001,"CPU2 Frequency",CPU Frequency [kHz],1077471.8844984802
1096,"CPU1 Load",CPU Load [%],0.0
1097,"CPU2 Load",CPU Load [%],22.044072948328267


